16
NULL 0 NULL 0
Joined 0 0,255,0,255,0,0,0,0,0,0 NULL 0 0 0 	# Joined [4a 6f 69 6e 65 64 ]
|Broken|0|1 0 0,255,0,255,0,0,0,0,0,0 NULL 0 0 0 	# Broken
a 0 0,255,0,255,0,0,0,0,0,0 NULL 0 0 0 	# a [61 ]
b 0 0,255,0,255,0,0,0,0,0,0 NULL 0 0 0 	# b [62 ]
c 0 0,255,0,255,0,0,0,0,0,0 NULL 0 0 0 	# c [63 ]
d 0 0,255,0,255,0,0,0,0,0,0 NULL 0 0 0 	# d [64 ]
e 0 0,255,0,255,0,0,0,0,0,0 NULL 0 0 0 	# e [65 ]
f 0 0,255,0,255,0,0,0,0,0,0 NULL 0 0 0 	# f [66 ]
g 0 0,255,0,255,0,0,0,0,0,0 NULL 0 0 0 	# g [67 ]
h 0 0,255,0,255,0,0,0,0,0,0 NULL 0 0 0 	# h [68 ]
i 0 0,255,0,255,0,0,0,0,0,0 NULL 0 0 0 	# i [69 ]
j 0 0,255,0,255,0,0,0,0,0,0 NULL 0 0 0 	# j [6a ]
k 0 0,255,0,255,0,0,0,0,0,0 NULL 0 0 0 	# k [6b ]
l 0 0,255,0,255,0,0,0,0,0,0 NULL 0 0 0 	# l [6c ]
m 0 0,255,0,255,0,0,0,0,0,0 NULL 0 0 0 	# m [6d ]
